3818913796
3818979328
3819044928
3819110528
3819175936
3819241472
3819307008
3819372544
3819438080
3819503616
3819569152
3819634689
3786146308
3767320837
3884146700
3800387585
3819634690
3786146308
3767320837
3884146700
3800387585
3819634691
3786146308
3767320837
3884146700
3800387585
3819634692
3786146308
3767320837
3884146700
3819241472
3800317953
3819634693
3786146308
3767320837
3884146700
3800387585
3819634694
3786146308
3767320837
3884146700
3800387585
3819634695
3786146308
3767320837
3884146700
3800387585
3819634696
3786146308
3767320837
3884146700
3819241472
3800317953
3819634697
3786146308
3767320837
3884146700
3800387585
3819634698
3786146308
3767320837
3884146700
3800387585
3819634699
3786146308
3767320837
3884146700
3800387585
3819634700
3786146308
3767320837
3884146700
3819241472
3800317953
3819634701
3786146308
3767320837
3884146700
3800387585
3819634702
3786146308
3767320837
3884146700
3800387585
3819634703
3786146308
3767320837
3884146700
3800387585
3819634704
3786146308
3767320837
3884146700
3819241472
3819175936
3819634704
3786146308
3767320837
3884277772
3800387585
3819634703
3786146308
3767320837
3884277772
3800387585
3819634702
3786146308
3767320837
3884277772
3800387585
3819634701
3786146308
3767320837
3884277772
3800317953
3819241472
3819634700
3786146308
3767320837
3884277772
3800387585
3819634699
3786146308
3767320837
3884277772
3800387585
3819634698
3786146308
3767320837
3884277772
3800387585
3819634697
3786146308
3767320837
3884277772
3800317953
3819241472
3819634696
3786146308
3767320837
3884277772
3800387585
3819634695
3786146308
3767320837
3884277772
3800387585
3819634694
3786146308
3767320837
3884277772
3800387585
3819634693
3786146308
3767320837
3884277772
3800317953
3819241472
3819634692
3786146308
3767320837
3884277772
3800387585
3819634691
3786146308
3767320837
3884277772
3800387585
3819634690
3786146308
3767320837
3884277772
3800387585
3819634689
3786146308
3767320837
3884277772
3819175936
3819241472
3819372544
3786080772
3767251206
3886227467
3786080774
3767251205
3886366731
3819438080
3767042057
3796541441
3813711872
452984828
3766972424
3800457217
3780141056
3137339377
3819307008
3786080772
3767251205
3884376075
3800387585
3780136960
3137339369
3819241472
3800317953
3780132864
3137339365
3819175936
